
final prob: 0.87; count: 433; trials: 500;

1.00, 0.50, 0.67, 0.75, 0.80, 0.83, 0.86, 0.88, 0.89, 0.90, 0.91, 0.92, 0.92, 0.86, 0.87, 0.81, 0.82, 0.83, 0.84, 0.80, 
0.81, 0.82, 0.83, 0.83, 0.80, 0.77, 0.78, 0.79, 0.79, 0.80, 0.81, 0.78, 0.79, 0.79, 0.77, 0.78, 0.78, 0.76, 0.77, 0.75, 
0.76, 0.76, 0.77, 0.77, 0.78, 0.78, 0.79, 0.79, 0.80, 0.80, 0.80, 0.81, 0.81, 0.81, 0.82, 0.80, 0.79, 0.79, 0.80, 0.80, 
0.80, 0.81, 0.81, 0.81, 0.80, 0.80, 0.81, 0.81, 0.81, 0.81, 0.80, 0.81, 0.81, 0.81, 0.81, 0.82, 0.82, 0.82, 0.82, 0.82, 
0.83, 0.83, 0.83, 0.83, 0.84, 0.84, 0.84, 0.84, 0.84, 0.84, 0.85, 0.85, 0.85, 0.85, 0.85, 0.85, 0.86, 0.86, 0.86, 0.86, 
0.86, 0.85, 0.85, 0.86, 0.86, 0.86, 0.86, 0.86, 0.86, 0.86, 0.86, 0.87, 0.87, 0.87, 0.87, 0.87, 0.87, 0.87, 0.87, 0.88, 
0.88, 0.88, 0.88, 0.88, 0.88, 0.88, 0.88, 0.88, 0.88, 0.88, 0.89, 0.88, 0.88, 0.88, 0.88, 0.88, 0.88, 0.88, 0.88, 0.88, 
0.88, 0.88, 0.88, 0.88, 0.88, 0.88, 0.88, 0.89, 0.89, 0.89, 0.89, 0.89, 0.89, 0.88, 0.88, 0.88, 0.89, 0.89, 0.89, 0.89, 
0.89, 0.89, 0.89, 0.89, 0.89, 0.89, 0.89, 0.89, 0.89, 0.89, 0.89, 0.90, 0.90, 0.90, 0.90, 0.90, 0.90, 0.90, 0.89, 0.89, 
0.90, 0.90, 0.89, 0.89, 0.89, 0.89, 0.89, 0.89, 0.89, 0.89, 0.89, 0.89, 0.89, 0.89, 0.89, 0.89, 0.89, 0.89, 0.89, 0.89, 
0.89, 0.89, 0.89, 0.89, 0.89, 0.89, 0.89, 0.89, 0.89, 0.90, 0.89, 0.89, 0.89, 0.89, 0.89, 0.89, 0.89, 0.89, 0.89, 0.90, 
0.90, 0.89, 0.89, 0.89, 0.89, 0.89, 0.89, 0.89, 0.89, 0.89, 0.89, 0.89, 0.89, 0.89, 0.89, 0.89, 0.89, 0.89, 0.89, 0.89, 
0.89, 0.89, 0.89, 0.89, 0.89, 0.89, 0.89, 0.89, 0.89, 0.89, 0.89, 0.89, 0.89, 0.89, 0.89, 0.89, 0.88, 0.88, 0.88, 0.88, 
0.89, 0.88, 0.88, 0.88, 0.88, 0.88, 0.88, 0.88, 0.88, 0.88, 0.88, 0.88, 0.88, 0.88, 0.88, 0.88, 0.88, 0.88, 0.88, 0.88, 
0.88, 0.88, 0.88, 0.88, 0.88, 0.88, 0.88, 0.88, 0.88, 0.88, 0.88, 0.88, 0.88, 0.88, 0.88, 0.88, 0.88, 0.88, 0.88, 0.88, 
0.88, 0.88, 0.88, 0.88, 0.88, 0.88, 0.88, 0.87, 0.87, 0.87, 0.87, 0.88, 0.88, 0.88, 0.87, 0.87, 0.87, 0.87, 0.87, 0.87, 
0.87, 0.87, 0.87, 0.87, 0.87, 0.87, 0.87, 0.87, 0.87, 0.87, 0.87, 0.87, 0.87, 0.87, 0.87, 0.87, 0.87, 0.87, 0.87, 0.87, 
0.87, 0.87, 0.87, 0.87, 0.87, 0.87, 0.87, 0.87, 0.87, 0.87, 0.87, 0.87, 0.87, 0.86, 0.86, 0.87, 0.87, 0.87, 0.86, 0.86, 
0.86, 0.86, 0.86, 0.86, 0.86, 0.86, 0.86, 0.86, 0.86, 0.86, 0.87, 0.87, 0.87, 0.87, 0.87, 0.87, 0.87, 0.87, 0.87, 0.87, 
0.86, 0.86, 0.86, 0.86, 0.86, 0.86, 0.86, 0.86, 0.86, 0.86, 0.86, 0.86, 0.86, 0.86, 0.86, 0.86, 0.86, 0.86, 0.86, 0.86, 
0.86, 0.86, 0.86, 0.86, 0.86, 0.86, 0.86, 0.86, 0.86, 0.86, 0.86, 0.86, 0.86, 0.86, 0.86, 0.86, 0.86, 0.86, 0.86, 0.86, 
0.86, 0.86, 0.86, 0.86, 0.86, 0.86, 0.86, 0.86, 0.86, 0.87, 0.87, 0.87, 0.86, 0.86, 0.86, 0.86, 0.86, 0.86, 0.86, 0.86, 
0.86, 0.86, 0.86, 0.86, 0.87, 0.87, 0.87, 0.87, 0.87, 0.87, 0.87, 0.87, 0.87, 0.87, 0.87, 0.87, 0.87, 0.87, 0.87, 0.87, 
0.87, 0.87, 0.87, 0.87, 0.87, 0.87, 0.87, 0.87, 0.87, 0.87, 0.87, 0.87, 0.87, 0.87, 0.87, 0.87, 0.87, 0.87, 0.87, 0.87, 
0.87, 0.87, 0.87, 0.87, 0.87, 0.87, 0.87, 0.87, 0.87, 0.87, 0.87, 0.87, 0.87, 0.87, 0.87, 0.87, 0.87, 0.87, 0.87, 0.87, 

